HIPPO, 307
28.5,13.5,-28.5
25.5,13.5,-28.5
28.5,10.5,-28.5
25.5,10.5,-28.5
22.5,10.5,-28.5
-22.5,10.5,-28.5
-25.5,10.5,-28.5
-28.5,10.5,-28.5
-31.5,10.5,-28.5
-34.5,10.5,-28.5
28.5,7.5,-28.5
25.5,7.5,-28.5
22.5,7.5,-28.5
-22.5,7.5,-28.5
-25.5,7.5,-28.5
-28.5,7.5,-28.5
-31.5,7.5,-28.5
-34.5,7.5,-28.5
-25.5,4.5,-28.5
28.5,16.5,-25.5
25.5,16.5,-25.5
22.5,16.5,-25.5
-22.5,16.5,-25.5
-25.5,16.5,-25.5
-28.5,16.5,-25.5
34.5,13.5,-25.5
31.5,13.5,-25.5
28.5,13.5,-25.5
25.5,13.5,-25.5
22.5,13.5,-25.5
19.5,13.5,-25.5
-19.5,13.5,-25.5
-22.5,13.5,-25.5
-25.5,13.5,-25.5
-28.5,13.5,-25.5
-31.5,13.5,-25.5
28.5,10.5,-25.5
25.5,10.5,-25.5
22.5,10.5,-25.5
19.5,10.5,-25.5
-19.5,10.5,-25.5
-22.5,10.5,-25.5
-25.5,10.5,-25.5
-28.5,10.5,-25.5
-31.5,10.5,-25.5
-34.5,10.5,-25.5
28.5,7.5,-25.5
25.5,7.5,-25.5
22.5,7.5,-25.5
19.5,7.5,-25.5
-19.5,7.5,-25.5
-22.5,7.5,-25.5
-25.5,7.5,-25.5
-28.5,7.5,-25.5
-31.5,7.5,-25.5
28.5,4.5,-25.5
25.5,4.5,-25.5
-22.5,4.5,-25.5
-25.5,4.5,-25.5
-28.5,4.5,-25.5
-25.5,1.5,-25.5
-28.5,1.5,-25.5
34.5,19.5,-22.5
31.5,19.5,-22.5
28.5,19.5,-22.5
25.5,19.5,-22.5
22.5,19.5,-22.5
-22.5,19.5,-22.5
-25.5,19.5,-22.5
-28.5,19.5,-22.5
-31.5,19.5,-22.5
37.5,16.5,-22.5
34.5,16.5,-22.5
31.5,16.5,-22.5
28.5,16.5,-22.5
25.5,16.5,-22.5
22.5,16.5,-22.5
19.5,16.5,-22.5
-19.5,16.5,-22.5
-22.5,16.5,-22.5
-25.5,16.5,-22.5
-28.5,16.5,-22.5
-31.5,16.5,-22.5
-34.5,16.5,-22.5
-37.5,16.5,-22.5
37.5,13.5,-22.5
34.5,13.5,-22.5
31.5,13.5,-22.5
28.5,13.5,-22.5
25.5,13.5,-22.5
22.5,13.5,-22.5
19.5,13.5,-22.5
-19.5,13.5,-22.5
-22.5,13.5,-22.5
-25.5,13.5,-22.5
-28.5,13.5,-22.5
-31.5,13.5,-22.5
-34.5,13.5,-22.5
-37.5,13.5,-22.5
31.5,10.5,-22.5
28.5,10.5,-22.5
-16.5,10.5,-22.5
-28.5,10.5,-22.5
-31.5,10.5,-22.5
-34.5,10.5,-22.5
-28.5,7.5,-22.5
-31.5,7.5,-22.5
-25.5,4.5,-22.5
-28.5,4.5,-22.5
-25.5,1.5,-22.5
-28.5,1.5,-22.5
34.5,22.5,-19.5
31.5,22.5,-19.5
28.5,22.5,-19.5
25.5,22.5,-19.5
22.5,22.5,-19.5
19.5,22.5,-19.5
-22.5,22.5,-19.5
-25.5,22.5,-19.5
-28.5,22.5,-19.5
-31.5,22.5,-19.5
-34.5,22.5,-19.5
34.5,19.5,-19.5
31.5,19.5,-19.5
28.5,19.5,-19.5
25.5,19.5,-19.5
22.5,19.5,-19.5
19.5,19.5,-19.5
-19.5,19.5,-19.5
-22.5,19.5,-19.5
-25.5,19.5,-19.5
-28.5,19.5,-19.5
-31.5,19.5,-19.5
-34.5,19.5,-19.5
37.5,16.5,-19.5
34.5,16.5,-19.5
31.5,16.5,-19.5
28.5,16.5,-19.5
25.5,16.5,-19.5
22.5,16.5,-19.5
-22.5,16.5,-19.5
-25.5,16.5,-19.5
-28.5,16.5,-19.5
-31.5,16.5,-19.5
-34.5,16.5,-19.5
-37.5,16.5,-19.5
37.5,13.5,-19.5
34.5,13.5,-19.5
31.5,13.5,-19.5
-31.5,13.5,-19.5
-34.5,13.5,-19.5
-37.5,13.5,-19.5
-31.5,10.5,-19.5
-25.5,7.5,-19.5
28.5,4.5,-19.5
-22.5,4.5,-19.5
-25.5,4.5,-19.5
-28.5,4.5,-19.5
-22.5,1.5,-19.5
-25.5,1.5,-19.5
-28.5,1.5,-19.5
31.5,28.5,-16.5
28.5,28.5,-16.5
19.5,28.5,-16.5
-28.5,28.5,-16.5
-31.5,28.5,-16.5
37.5,25.5,-16.5
34.5,25.5,-16.5
31.5,25.5,-16.5
28.5,25.5,-16.5
25.5,25.5,-16.5
22.5,25.5,-16.5
19.5,25.5,-16.5
-25.5,25.5,-16.5
-28.5,25.5,-16.5
-31.5,25.5,-16.5
-34.5,25.5,-16.5
37.5,22.5,-16.5
34.5,22.5,-16.5
31.5,22.5,-16.5
28.5,22.5,-16.5
25.5,22.5,-16.5
22.5,22.5,-16.5
-22.5,22.5,-16.5
-25.5,22.5,-16.5
-28.5,22.5,-16.5
-31.5,22.5,-16.5
-34.5,22.5,-16.5
-37.5,22.5,-16.5
34.5,19.5,-16.5
-28.5,19.5,-16.5
-31.5,19.5,-16.5
-34.5,19.5,-16.5
-25.5,7.5,-16.5
-28.5,7.5,-16.5
28.5,31.5,-13.5
37.5,28.5,-13.5
34.5,28.5,-13.5
31.5,28.5,-13.5
28.5,28.5,-13.5
25.5,28.5,-13.5
22.5,28.5,-13.5
19.5,28.5,-13.5
-25.5,28.5,-13.5
-28.5,28.5,-13.5
-31.5,28.5,-13.5
-34.5,28.5,-13.5
37.5,25.5,-13.5
34.5,25.5,-13.5
31.5,25.5,-13.5
28.5,25.5,-13.5
25.5,25.5,-13.5
22.5,25.5,-13.5
19.5,25.5,-13.5
-22.5,25.5,-13.5
-25.5,25.5,-13.5
-28.5,25.5,-13.5
-31.5,25.5,-13.5
-34.5,25.5,-13.5
-25.5,22.5,-13.5
-28.5,22.5,-13.5
34.5,34.5,-10.5
31.5,34.5,-10.5
28.5,34.5,-10.5
25.5,34.5,-10.5
-28.5,34.5,-10.5
34.5,31.5,-10.5
31.5,31.5,-10.5
28.5,31.5,-10.5
25.5,31.5,-10.5
22.5,31.5,-10.5
19.5,31.5,-10.5
-25.5,31.5,-10.5
-28.5,31.5,-10.5
-31.5,31.5,-10.5
25.5,28.5,-10.5
22.5,28.5,-10.5
19.5,28.5,-10.5
-22.5,28.5,-10.5
-25.5,28.5,-10.5
-28.5,28.5,-10.5
28.5,37.5,-7.5
25.5,37.5,-7.5
34.5,34.5,-7.5
31.5,34.5,-7.5
28.5,34.5,-7.5
25.5,34.5,-7.5
22.5,34.5,-7.5
19.5,34.5,-7.5
-25.5,34.5,-7.5
-28.5,34.5,-7.5
28.5,31.5,-7.5
25.5,31.5,-7.5
22.5,31.5,-7.5
19.5,31.5,-7.5
-19.5,31.5,-7.5
-22.5,31.5,-7.5
-25.5,31.5,-7.5
-28.5,31.5,-7.5
28.5,40.5,-4.5
25.5,40.5,-4.5
22.5,40.5,-4.5
28.5,37.5,-4.5
25.5,37.5,-4.5
22.5,37.5,-4.5
19.5,37.5,-4.5
16.5,37.5,-4.5
-25.5,37.5,-4.5
-28.5,37.5,-4.5
16.5,34.5,-4.5
-25.5,34.5,-4.5
28.5,40.5,-1.5
25.5,40.5,-1.5
22.5,40.5,-1.5
19.5,40.5,-1.5
16.5,40.5,-1.5
13.5,40.5,-1.5
25.5,37.5,-1.5
22.5,37.5,-1.5
19.5,37.5,-1.5
16.5,37.5,-1.5
13.5,37.5,-1.5
-13.5,37.5,-1.5
-16.5,37.5,-1.5
-19.5,37.5,-1.5
-22.5,37.5,-1.5
-25.5,37.5,-1.5
22.5,40.5,1.5
19.5,40.5,1.5
16.5,40.5,1.5
13.5,40.5,1.5
-22.5,40.5,1.5
22.5,37.5,1.5
19.5,37.5,1.5
16.5,37.5,1.5
13.5,37.5,1.5
-13.5,37.5,1.5
-16.5,37.5,1.5
-19.5,37.5,1.5
-22.5,37.5,1.5
16.5,40.5,4.5
13.5,40.5,4.5
-16.5,40.5,4.5
16.5,37.5,4.5
13.5,37.5,4.5
-13.5,37.5,4.5
-16.5,37.5,4.5
PPA, 238
40.5,31.5,-28.5
37.5,31.5,-28.5
40.5,28.5,-28.5
37.5,28.5,-28.5
34.5,28.5,-28.5
31.5,28.5,-28.5
37.5,25.5,-28.5
34.5,25.5,-28.5
37.5,31.5,-25.5
37.5,28.5,-25.5
34.5,28.5,-25.5
31.5,28.5,-25.5
-28.5,28.5,-25.5
37.5,25.5,-25.5
34.5,25.5,-25.5
31.5,25.5,-25.5
-28.5,25.5,-25.5
-31.5,25.5,-25.5
31.5,34.5,-22.5
28.5,34.5,-22.5
25.5,34.5,-22.5
34.5,31.5,-22.5
31.5,31.5,-22.5
28.5,31.5,-22.5
25.5,31.5,-22.5
-28.5,31.5,-22.5
-31.5,31.5,-22.5
34.5,28.5,-22.5
31.5,28.5,-22.5
28.5,28.5,-22.5
25.5,28.5,-22.5
-25.5,28.5,-22.5
-28.5,28.5,-22.5
-31.5,28.5,-22.5
-34.5,28.5,-22.5
37.5,25.5,-22.5
34.5,25.5,-22.5
31.5,25.5,-22.5
28.5,25.5,-22.5
-25.5,25.5,-22.5
-28.5,25.5,-22.5
-31.5,25.5,-22.5
-34.5,25.5,-22.5
25.5,40.5,-19.5
31.5,37.5,-19.5
28.5,37.5,-19.5
25.5,37.5,-19.5
34.5,34.5,-19.5
31.5,34.5,-19.5
28.5,34.5,-19.5
25.5,34.5,-19.5
-28.5,34.5,-19.5
-31.5,34.5,-19.5
-34.5,34.5,-19.5
34.5,31.5,-19.5
31.5,31.5,-19.5
28.5,31.5,-19.5
25.5,31.5,-19.5
-25.5,31.5,-19.5
-28.5,31.5,-19.5
-31.5,31.5,-19.5
-34.5,31.5,-19.5
34.5,28.5,-19.5
31.5,28.5,-19.5
28.5,28.5,-19.5
-25.5,28.5,-19.5
-28.5,28.5,-19.5
-31.5,28.5,-19.5
-34.5,28.5,-19.5
34.5,25.5,-19.5
31.5,25.5,-19.5
-28.5,25.5,-19.5
-31.5,25.5,-19.5
-34.5,25.5,-19.5
34.5,40.5,-16.5
31.5,40.5,-16.5
28.5,40.5,-16.5
25.5,40.5,-16.5
22.5,40.5,-16.5
-31.5,40.5,-16.5
-34.5,40.5,-16.5
34.5,37.5,-16.5
31.5,37.5,-16.5
28.5,37.5,-16.5
25.5,37.5,-16.5
22.5,37.5,-16.5
-19.5,37.5,-16.5
-22.5,37.5,-16.5
-31.5,37.5,-16.5
-34.5,37.5,-16.5
34.5,34.5,-16.5
31.5,34.5,-16.5
28.5,34.5,-16.5
25.5,34.5,-16.5
-22.5,34.5,-16.5
-25.5,34.5,-16.5
-28.5,34.5,-16.5
-31.5,34.5,-16.5
-34.5,34.5,-16.5
34.5,31.5,-16.5
31.5,31.5,-16.5
28.5,31.5,-16.5
25.5,31.5,-16.5
-25.5,31.5,-16.5
-28.5,31.5,-16.5
-31.5,31.5,-16.5
-34.5,31.5,-16.5
34.5,28.5,-16.5
-34.5,28.5,-16.5
28.5,46.5,-13.5
25.5,46.5,-13.5
22.5,46.5,-13.5
31.5,43.5,-13.5
28.5,43.5,-13.5
25.5,43.5,-13.5
-19.5,43.5,-13.5
34.5,40.5,-13.5
31.5,40.5,-13.5
28.5,40.5,-13.5
25.5,40.5,-13.5
22.5,40.5,-13.5
19.5,40.5,-13.5
-16.5,40.5,-13.5
-19.5,40.5,-13.5
-22.5,40.5,-13.5
-31.5,40.5,-13.5
-34.5,40.5,-13.5
34.5,37.5,-13.5
31.5,37.5,-13.5
28.5,37.5,-13.5
25.5,37.5,-13.5
22.5,37.5,-13.5
-19.5,37.5,-13.5
-22.5,37.5,-13.5
-25.5,37.5,-13.5
-28.5,37.5,-13.5
-31.5,37.5,-13.5
-34.5,37.5,-13.5
34.5,34.5,-13.5
31.5,34.5,-13.5
28.5,34.5,-13.5
25.5,34.5,-13.5
-22.5,34.5,-13.5
-25.5,34.5,-13.5
-28.5,34.5,-13.5
-31.5,34.5,-13.5
-34.5,34.5,-13.5
34.5,31.5,-13.5
31.5,31.5,-13.5
-31.5,31.5,-13.5
-34.5,31.5,-13.5
31.5,52.5,-10.5
31.5,49.5,-10.5
28.5,49.5,-10.5
25.5,49.5,-10.5
-31.5,49.5,-10.5
34.5,46.5,-10.5
31.5,46.5,-10.5
28.5,46.5,-10.5
25.5,46.5,-10.5
22.5,46.5,-10.5
19.5,46.5,-10.5
-28.5,46.5,-10.5
-31.5,46.5,-10.5
-34.5,46.5,-10.5
34.5,43.5,-10.5
31.5,43.5,-10.5
28.5,43.5,-10.5
25.5,43.5,-10.5
22.5,43.5,-10.5
19.5,43.5,-10.5
-16.5,43.5,-10.5
-19.5,43.5,-10.5
-22.5,43.5,-10.5
-28.5,43.5,-10.5
-31.5,43.5,-10.5
-34.5,43.5,-10.5
34.5,40.5,-10.5
31.5,40.5,-10.5
28.5,40.5,-10.5
25.5,40.5,-10.5
22.5,40.5,-10.5
19.5,40.5,-10.5
-16.5,40.5,-10.5
-19.5,40.5,-10.5
-22.5,40.5,-10.5
-25.5,40.5,-10.5
-28.5,40.5,-10.5
-31.5,40.5,-10.5
-34.5,40.5,-10.5
34.5,37.5,-10.5
31.5,37.5,-10.5
22.5,37.5,-10.5
-19.5,37.5,-10.5
-22.5,37.5,-10.5
-25.5,37.5,-10.5
-28.5,37.5,-10.5
-31.5,37.5,-10.5
-34.5,37.5,-10.5
37.5,34.5,-10.5
-31.5,34.5,-10.5
-34.5,34.5,-10.5
-34.5,31.5,-10.5
34.5,49.5,-7.5
31.5,49.5,-7.5
-31.5,49.5,-7.5
34.5,46.5,-7.5
31.5,46.5,-7.5
28.5,46.5,-7.5
22.5,46.5,-7.5
19.5,46.5,-7.5
-31.5,46.5,-7.5
-34.5,46.5,-7.5
34.5,43.5,-7.5
31.5,43.5,-7.5
25.5,43.5,-7.5
22.5,43.5,-7.5
19.5,43.5,-7.5
-31.5,43.5,-7.5
-34.5,43.5,-7.5
34.5,40.5,-7.5
31.5,40.5,-7.5
28.5,40.5,-7.5
25.5,40.5,-7.5
22.5,40.5,-7.5
19.5,40.5,-7.5
-22.5,40.5,-7.5
-25.5,40.5,-7.5
-28.5,40.5,-7.5
-31.5,40.5,-7.5
-34.5,40.5,-7.5
37.5,37.5,-7.5
34.5,37.5,-7.5
31.5,37.5,-7.5
-28.5,37.5,-7.5
-31.5,37.5,-7.5
-34.5,37.5,-7.5
-31.5,34.5,-7.5
IPS, 125
28.5,73.5,22.5
25.5,73.5,22.5
25.5,76.5,25.5
28.5,73.5,25.5
25.5,73.5,25.5
28.5,70.5,25.5
25.5,76.5,28.5
28.5,73.5,28.5
25.5,73.5,28.5
28.5,70.5,28.5
25.5,70.5,28.5
-28.5,70.5,28.5
25.5,79.5,31.5
28.5,76.5,31.5
25.5,76.5,31.5
28.5,73.5,31.5
25.5,73.5,31.5
28.5,70.5,31.5
25.5,70.5,31.5
-28.5,70.5,31.5
-31.5,70.5,31.5
25.5,67.5,31.5
-28.5,67.5,31.5
-31.5,67.5,31.5
-28.5,64.5,31.5
28.5,79.5,34.5
25.5,79.5,34.5
28.5,76.5,34.5
25.5,76.5,34.5
28.5,73.5,34.5
25.5,73.5,34.5
-28.5,73.5,34.5
-31.5,73.5,34.5
25.5,70.5,34.5
22.5,70.5,34.5
-28.5,70.5,34.5
-31.5,70.5,34.5
22.5,67.5,34.5
-25.5,67.5,34.5
-28.5,67.5,34.5
-25.5,64.5,34.5
25.5,82.5,37.5
28.5,79.5,37.5
25.5,79.5,37.5
28.5,76.5,37.5
25.5,76.5,37.5
-28.5,76.5,37.5
-31.5,76.5,37.5
25.5,73.5,37.5
22.5,73.5,37.5
-25.5,73.5,37.5
-28.5,73.5,37.5
-31.5,73.5,37.5
22.5,70.5,37.5
-25.5,70.5,37.5
-28.5,70.5,37.5
22.5,67.5,37.5
-25.5,67.5,37.5
-25.5,64.5,37.5
28.5,82.5,40.5
25.5,82.5,40.5
28.5,79.5,40.5
25.5,79.5,40.5
25.5,76.5,40.5
22.5,76.5,40.5
-25.5,76.5,40.5
-28.5,76.5,40.5
22.5,73.5,40.5
-25.5,73.5,40.5
-28.5,73.5,40.5
22.5,70.5,40.5
19.5,70.5,40.5
-25.5,70.5,40.5
22.5,67.5,40.5
19.5,67.5,40.5
-25.5,67.5,40.5
25.5,82.5,43.5
25.5,79.5,43.5
-28.5,79.5,43.5
22.5,76.5,43.5
-25.5,76.5,43.5
-28.5,76.5,43.5
22.5,73.5,43.5
-25.5,73.5,43.5
-28.5,73.5,43.5
22.5,70.5,43.5
19.5,70.5,43.5
-22.5,70.5,43.5
-25.5,70.5,43.5
22.5,67.5,43.5
19.5,67.5,43.5
-19.5,67.5,43.5
-22.5,67.5,43.5
-19.5,64.5,43.5
25.5,82.5,46.5
-25.5,82.5,46.5
-28.5,82.5,46.5
25.5,79.5,46.5
-25.5,79.5,46.5
-28.5,79.5,46.5
25.5,76.5,46.5
22.5,76.5,46.5
-25.5,76.5,46.5
-28.5,76.5,46.5
22.5,73.5,46.5
19.5,73.5,46.5
-22.5,73.5,46.5
-25.5,73.5,46.5
-28.5,73.5,46.5
22.5,70.5,46.5
19.5,70.5,46.5
-19.5,70.5,46.5
-22.5,70.5,46.5
19.5,67.5,46.5
-19.5,67.5,46.5
-22.5,67.5,46.5
-25.5,82.5,49.5
-25.5,79.5,49.5
-28.5,79.5,49.5
-22.5,76.5,49.5
-25.5,76.5,49.5
-22.5,73.5,49.5
-25.5,73.5,49.5
-19.5,70.5,49.5
-22.5,76.5,52.5
RSC, 75
10.5,49.5,1.5
7.5,49.5,1.5
10.5,46.5,1.5
7.5,46.5,1.5
-7.5,46.5,1.5
-10.5,46.5,1.5
-13.5,46.5,1.5
7.5,43.5,1.5
-7.5,43.5,1.5
-10.5,43.5,1.5
-13.5,43.5,1.5
10.5,49.5,4.5
7.5,49.5,4.5
-7.5,49.5,4.5
10.5,46.5,4.5
7.5,46.5,4.5
-7.5,46.5,4.5
-10.5,46.5,4.5
-13.5,46.5,4.5
10.5,43.5,4.5
7.5,43.5,4.5
-7.5,43.5,4.5
-10.5,43.5,4.5
-4.5,52.5,7.5
7.5,49.5,7.5
-4.5,49.5,7.5
-7.5,49.5,7.5
10.5,46.5,7.5
7.5,46.5,7.5
-7.5,46.5,7.5
10.5,43.5,7.5
7.5,43.5,7.5
-7.5,43.5,7.5
-10.5,43.5,7.5
-7.5,40.5,7.5
-4.5,52.5,10.5
4.5,49.5,10.5
-4.5,49.5,10.5
-7.5,49.5,10.5
10.5,46.5,10.5
7.5,46.5,10.5
-4.5,46.5,10.5
-7.5,46.5,10.5
-10.5,46.5,10.5
7.5,43.5,10.5
-4.5,43.5,10.5
-7.5,43.5,10.5
-10.5,43.5,10.5
4.5,49.5,13.5
1.5,49.5,13.5
-1.5,49.5,13.5
-4.5,49.5,13.5
7.5,46.5,13.5
4.5,46.5,13.5
-4.5,46.5,13.5
-7.5,46.5,13.5
4.5,43.5,13.5
-4.5,43.5,13.5
-7.5,43.5,13.5
4.5,49.5,16.5
1.5,49.5,16.5
-4.5,49.5,16.5
7.5,46.5,16.5
4.5,46.5,16.5
-1.5,46.5,16.5
-4.5,46.5,16.5
-7.5,46.5,16.5
4.5,43.5,16.5
-4.5,43.5,16.5
-7.5,43.5,16.5
7.5,46.5,19.5
7.5,43.5,19.5
7.5,46.5,22.5
7.5,43.5,22.5
7.5,40.5,25.5
OPA, 203
31.5,82.5,13.5
28.5,82.5,13.5
25.5,82.5,13.5
28.5,79.5,13.5
25.5,79.5,13.5
19.5,91.5,16.5
22.5,88.5,16.5
19.5,88.5,16.5
28.5,85.5,16.5
25.5,85.5,16.5
22.5,85.5,16.5
19.5,85.5,16.5
34.5,82.5,16.5
31.5,82.5,16.5
28.5,82.5,16.5
25.5,82.5,16.5
22.5,82.5,16.5
-25.5,82.5,16.5
28.5,79.5,16.5
25.5,79.5,16.5
-25.5,79.5,16.5
-28.5,76.5,16.5
-31.5,76.5,16.5
19.5,94.5,19.5
22.5,91.5,19.5
19.5,91.5,19.5
16.5,91.5,19.5
22.5,88.5,19.5
19.5,88.5,19.5
16.5,88.5,19.5
-19.5,88.5,19.5
-22.5,88.5,19.5
22.5,85.5,19.5
19.5,85.5,19.5
-19.5,85.5,19.5
-22.5,85.5,19.5
28.5,82.5,19.5
25.5,82.5,19.5
22.5,82.5,19.5
-22.5,82.5,19.5
-25.5,82.5,19.5
28.5,79.5,19.5
25.5,79.5,19.5
-25.5,79.5,19.5
-28.5,79.5,19.5
28.5,76.5,19.5
-28.5,76.5,19.5
-31.5,76.5,19.5
-31.5,73.5,19.5
-34.5,73.5,19.5
-31.5,70.5,19.5
19.5,94.5,22.5
19.5,91.5,22.5
16.5,91.5,22.5
22.5,88.5,22.5
19.5,88.5,22.5
16.5,88.5,22.5
13.5,88.5,22.5
-19.5,88.5,22.5
-22.5,88.5,22.5
22.5,85.5,22.5
19.5,85.5,22.5
-19.5,85.5,22.5
-22.5,85.5,22.5
25.5,82.5,22.5
-25.5,82.5,22.5
-28.5,82.5,22.5
28.5,79.5,22.5
25.5,79.5,22.5
-28.5,79.5,22.5
28.5,76.5,22.5
-28.5,76.5,22.5
-31.5,76.5,22.5
-31.5,73.5,22.5
-34.5,73.5,22.5
-31.5,70.5,22.5
-34.5,70.5,22.5
19.5,97.5,25.5
22.5,94.5,25.5
19.5,94.5,25.5
16.5,94.5,25.5
13.5,94.5,25.5
10.5,94.5,25.5
22.5,91.5,25.5
19.5,91.5,25.5
16.5,91.5,25.5
13.5,91.5,25.5
10.5,91.5,25.5
22.5,88.5,25.5
19.5,88.5,25.5
16.5,88.5,25.5
13.5,88.5,25.5
10.5,88.5,25.5
-13.5,88.5,25.5
-16.5,88.5,25.5
-19.5,88.5,25.5
-22.5,88.5,25.5
-25.5,88.5,25.5
-28.5,88.5,25.5
16.5,85.5,25.5
13.5,85.5,25.5
-13.5,85.5,25.5
-16.5,85.5,25.5
-19.5,85.5,25.5
-22.5,85.5,25.5
-25.5,85.5,25.5
-28.5,85.5,25.5
-31.5,79.5,25.5
-28.5,76.5,25.5
-31.5,76.5,25.5
-28.5,73.5,25.5
16.5,97.5,28.5
13.5,97.5,28.5
19.5,94.5,28.5
16.5,94.5,28.5
13.5,94.5,28.5
10.5,94.5,28.5
19.5,91.5,28.5
16.5,91.5,28.5
13.5,91.5,28.5
10.5,91.5,28.5
7.5,91.5,28.5
19.5,88.5,28.5
16.5,88.5,28.5
13.5,88.5,28.5
10.5,88.5,28.5
-13.5,88.5,28.5
-16.5,88.5,28.5
-19.5,88.5,28.5
-22.5,88.5,28.5
-25.5,88.5,28.5
-28.5,88.5,28.5
16.5,85.5,28.5
13.5,85.5,28.5
-13.5,85.5,28.5
-16.5,85.5,28.5
-19.5,85.5,28.5
-22.5,85.5,28.5
-25.5,85.5,28.5
-28.5,85.5,28.5
-28.5,73.5,28.5
10.5,94.5,31.5
7.5,94.5,31.5
-7.5,94.5,31.5
-10.5,94.5,31.5
-13.5,94.5,31.5
16.5,91.5,31.5
13.5,91.5,31.5
10.5,91.5,31.5
7.5,91.5,31.5
-7.5,91.5,31.5
-10.5,91.5,31.5
-13.5,91.5,31.5
-16.5,91.5,31.5
-19.5,91.5,31.5
-22.5,91.5,31.5
16.5,88.5,31.5
13.5,88.5,31.5
10.5,88.5,31.5
7.5,88.5,31.5
-13.5,88.5,31.5
-16.5,88.5,31.5
-19.5,88.5,31.5
-25.5,88.5,31.5
-28.5,88.5,31.5
10.5,85.5,31.5
7.5,94.5,34.5
-10.5,94.5,34.5
-13.5,94.5,34.5
16.5,91.5,34.5
13.5,91.5,34.5
10.5,91.5,34.5
7.5,91.5,34.5
-7.5,91.5,34.5
-10.5,91.5,34.5
-13.5,91.5,34.5
-16.5,91.5,34.5
-19.5,91.5,34.5
-22.5,91.5,34.5
13.5,88.5,34.5
10.5,88.5,34.5
7.5,88.5,34.5
-13.5,88.5,34.5
16.5,91.5,37.5
13.5,91.5,37.5
10.5,91.5,37.5
-13.5,91.5,37.5
-16.5,91.5,37.5
-19.5,91.5,37.5
10.5,88.5,37.5
-19.5,88.5,37.5
-22.5,88.5,37.5
13.5,91.5,40.5
10.5,88.5,40.5
7.5,88.5,40.5
-10.5,88.5,40.5
-13.5,88.5,40.5
-16.5,88.5,40.5
-19.5,88.5,40.5
7.5,85.5,40.5
-13.5,85.5,40.5
-13.5,88.5,43.5
-13.5,85.5,43.5
